id	age	gender	trial	decision	contrast	response	accuracy	RT
ml	33	m	1	1	0.800000	0	1	0.507827
ml	33	m	2	1	0.691378	0	1	0.494975
ml	33	m	3	1	0.597504	1	1	0.425379
ml	33	m	4	1	0.516376	0	1	0.607784
ml	33	m	5	1	0.446263	0	1	0.494498
ml	33	m	6	1	0.385670	0	1	0.569965
ml	33	m	7	1	0.333305	0	1	0.610057
ml	33	m	8	1	0.288049	0	1	0.495892
ml	33	m	9	1	0.248939	0	1	0.563571
ml	33	m	10	1	0.215138	1	1	0.483525
ml	33	m	11	1	0.185927	1	1	0.594805
ml	33	m	12	1	0.160682	0	1	0.637178
ml	33	m	13	1	0.138865	0	1	0.595044
ml	33	m	14	1	0.120010	0	1	0.602128
ml	33	m	15	1	0.103716	0	1	0.664722
ml	33	m	16	1	0.089633	0	1	0.740586
ml	33	m	17	1	0.077463	1	1	0.605581
ml	33	m	18	1	0.066945	1	1	0.556368
ml	33	m	19	1	0.057856	1	1	0.764407
ml	33	m	20	1	0.050000	0	1	0.636610
ml	33	m	21	1	0.050000	0	0	0.546403
ml	33	m	22	1	0.077463	0	1	0.466756
ml	33	m	23	1	0.066945	1	0	0.574425
ml	33	m	24	1	0.103716	1	1	0.510026
ml	33	m	25	1	0.089633	1	1	0.553368
ml	33	m	26	1	0.077463	0	1	0.713069
ml	33	m	27	1	0.066945	0	1	0.620115
ml	33	m	28	1	0.057856	0	1	0.650494
ml	33	m	29	1	0.050000	0	1	0.614169
ml	33	m	30	1	0.050000	0	0	0.748714
ml	33	m	31	1	0.077463	1	1	0.557005
ml	33	m	32	1	0.066945	0	1	0.653509
ml	33	m	33	1	0.057856	0	0	0.650167
ml	33	m	34	1	0.089633	1	1	1.166770
ml	33	m	35	1	0.077463	0	1	0.598680
ml	33	m	36	1	0.066945	0	0	0.749067
ml	33	m	37	1	0.103716	0	1	0.717489
ml	33	m	38	1	0.089633	1	1	0.607385
ml	33	m	39	1	0.077463	0	1	0.502439
ml	33	m	40	1	0.066945	1	0	0.569186
ml	33	m	41	1	0.103716	0	1	0.432701
ml	33	m	42	1	0.089633	1	1	0.501819
ml	33	m	43	1	0.077463	0	1	0.488367
ml	33	m	44	1	0.066945	0	1	0.539778
ml	33	m	45	1	0.057856	1	1	0.508846
ml	33	m	46	1	0.050000	0	1	0.575255
ml	33	m	47	1	0.050000	1	1	0.462828
ml	33	m	48	1	0.050000	0	1	0.515819
ml	33	m	49	1	0.050000	0	1	0.645675
ml	33	m	50	1	0.050000	1	0	0.531001
ml	33	m	51	1	0.077463	1	1	0.420322
ml	33	m	52	1	0.066945	0	1	0.546332
ml	33	m	53	1	0.057856	1	0	0.411305
ml	33	m	54	1	0.089633	1	1	0.490221
ml	33	m	55	1	0.077463	0	1	0.477363
ml	33	m	56	1	0.066945	0	0	0.505181
ml	33	m	57	1	0.103716	1	1	0.523550
ml	33	m	58	1	0.089633	1	1	1.133442
ml	33	m	59	1	0.077463	0	1	0.710892
ml	33	m	60	1	0.066945	0	1	0.569645
ml	33	m	61	1	0.057856	1	1	0.593364
ml	33	m	62	1	0.050000	0	0	0.768676
ml	33	m	63	1	0.077463	0	1	0.600526
ml	33	m	64	1	0.066945	1	1	0.638487
ml	33	m	65	1	0.057856	0	0	0.652619
ml	33	m	66	1	0.089633	0	0	0.608744
ml	33	m	67	1	0.138865	1	1	0.487330
ml	33	m	68	1	0.120010	1	1	0.634353
ml	33	m	69	1	0.103716	1	1	0.447832
ml	33	m	70	1	0.089633	0	1	0.564103
ml	33	m	71	1	0.077463	1	1	0.620207
ml	33	m	72	1	0.066945	1	1	0.537567
ml	33	m	73	1	0.057856	1	1	0.619820
ml	33	m	74	1	0.050000	1	1	0.689203
ml	33	m	75	1	0.050000	0	1	0.651844
ml	33	m	76	1	0.050000	0	1	0.649126
ml	33	m	77	1	0.050000	1	1	0.949834
ml	33	m	78	1	0.050000	0	0	0.805412
ml	33	m	79	1	0.077463	0	1	0.972554
ml	33	m	80	1	0.066945	1	1	0.492465
ml	33	m	81	1	0.057856	0	0	0.703954
ml	33	m	82	1	0.089633	1	1	0.578338
ml	33	m	83	1	0.077463	0	1	0.626208
ml	33	m	84	1	0.066945	1	1	1244.502233
ml	33	m	85	1	0.057856	0	1	0.636908
ml	33	m	86	1	0.050000	0	0	0.484683
ml	33	m	87	1	0.077463	0	1	0.511769
ml	33	m	88	1	0.066945	0	1	0.578995
ml	33	m	89	1	0.057856	1	1	0.578860
ml	33	m	90	1	0.050000	1	1	0.466136
ml	33	m	91	1	0.050000	1	1	0.606628
ml	33	m	92	1	0.050000	0	1	0.469420
ml	33	m	93	1	0.050000	1	1	0.433138
ml	33	m	94	1	0.050000	1	1	0.510205
ml	33	m	95	1	0.050000	1	1	0.568000
ml	33	m	96	1	0.050000	1	1	0.520950
ml	33	m	97	1	0.050000	1	0	0.834268
ml	33	m	98	1	0.077463	1	1	0.688095
ml	33	m	99	1	0.066945	0	0	0.659000
ml	33	m	100	1	0.103716	1	1	0.511580
ml	33	m	101	1	0.089633	1	1	1.113534
ml	33	m	102	1	0.077463	1	1	0.555338
ml	33	m	103	1	0.066945	1	1	0.428232
ml	33	m	104	1	0.057856	0	1	0.690276
ml	33	m	105	1	0.050000	1	1	0.669418
ml	33	m	106	1	0.050000	0	1	0.449641
ml	33	m	107	1	0.050000	1	1	0.462105
ml	33	m	108	1	0.050000	1	1	0.578651
ml	33	m	109	1	0.050000	1	0	0.402637
ml	33	m	110	1	0.077463	1	1	0.454041
ml	33	m	111	1	0.066945	1	0	0.509729
ml	33	m	112	1	0.103716	0	1	0.421081
ml	33	m	113	1	0.089633	1	1	0.470196
ml	33	m	114	1	0.077463	0	1	0.465955
ml	33	m	115	1	0.066945	0	0	0.510234
ml	33	m	116	1	0.103716	0	1	0.488571
ml	33	m	117	1	0.089633	0	1	0.443101
ml	33	m	118	1	0.077463	1	1	0.545397
ml	33	m	119	1	0.066945	0	0	0.458525
ml	33	m	120	1	0.103716	0	1	0.454896
ml	33	m	121	1	0.089633	1	1	0.531346
ml	33	m	122	1	0.077463	1	1	0.772097
ml	33	m	123	1	0.066945	0	0	0.684827
ml	33	m	124	1	0.103716	0	1	0.455021
ml	33	m	125	1	0.089633	1	1	0.556511
ml	33	m	126	1	0.077463	0	1	0.452883
ml	33	m	127	1	0.066945	1	1	0.513482
ml	33	m	128	1	0.057856	1	1	0.580200
ml	33	m	129	1	0.050000	1	1	0.572171
ml	33	m	130	1	0.050000	0	0	0.555881
ml	33	m	131	1	0.077463	0	1	0.572344
ml	33	m	132	1	0.066945	1	0	1.284408
ml	33	m	133	1	0.103716	1	1	0.543432
ml	33	m	134	1	0.089633	1	1	0.592847
ml	33	m	135	1	0.077463	1	1	0.592104
ml	33	m	136	1	0.066945	1	1	0.599337
ml	33	m	137	1	0.057856	0	0	0.590280
ml	33	m	138	1	0.089633	1	0	0.412925
ml	33	m	139	1	0.138865	1	1	0.523799
ml	33	m	140	1	0.120010	0	1	0.571078
ml	33	m	141	1	0.103716	1	1	0.509160
ml	33	m	142	1	0.089633	0	1	0.607475
ml	33	m	143	1	0.077463	0	1	0.598418
ml	33	m	144	1	0.066945	1	1	0.389287
ml	33	m	145	1	0.057856	0	1	0.604278
ml	33	m	146	1	0.050000	0	1	0.682968
ml	33	m	147	1	0.050000	0	0	0.597963
ml	33	m	148	1	0.077463	1	0	0.404672
ml	33	m	149	1	0.120010	1	1	0.490806
ml	33	m	150	1	0.103716	0	1	0.475286
