id	age	gender	trial	decision	contrast	side	response	accuracy	RT
02ml	39	m	1	1	0.800000	2	1	1	0.751314
02ml	39	m	2	1	0.666610	2	1	1	0.541275
02ml	39	m	3	1	0.555460	2	1	1	0.477756
02ml	39	m	4	1	0.462844	2	1	1	0.491970
02ml	39	m	5	1	0.385670	1	0	1	0.465675
02ml	39	m	6	1	0.321364	1	0	1	0.493040
02ml	39	m	7	1	0.267781	1	0	1	1.223157
02ml	39	m	8	1	0.223132	1	0	1	8.319180
02ml	39	m	9	1	0.185927	2	1	1	0.558938
02ml	39	m	10	1	0.154926	2	1	1	0.584471
02ml	39	m	11	1	0.129094	1	0	1	0.514088
02ml	39	m	12	1	0.107569	1	0	1	0.541861
02ml	39	m	13	1	0.089633	2	1	1	0.520186
02ml	39	m	14	1	0.074688	2	1	1	0.538285
02ml	39	m	15	1	0.062235	2	1	1	0.626833
02ml	39	m	16	1	0.051858	2	1	1	0.610286
02ml	39	m	17	1	0.043211	1	0	1	0.564469
02ml	39	m	18	1	0.036006	1	0	1	0.568289
02ml	39	m	19	1	0.030003	2	1	1	0.695569
02ml	39	m	20	1	0.025000	2	1	1	0.510895
02ml	39	m	21	1	0.025000	2	0	0	0.430034
02ml	39	m	22	1	0.043211	2	1	1	0.479876
02ml	39	m	23	1	0.036006	1	0	1	0.499304
02ml	39	m	24	1	0.030003	2	0	0	0.770563
02ml	39	m	25	1	0.051858	2	0	0	0.958984
02ml	39	m	26	1	0.089633	2	1	1	0.685516
02ml	39	m	27	1	0.074688	1	0	1	0.801397
02ml	39	m	28	1	0.062235	1	0	1	0.861977
02ml	39	m	29	1	0.051858	1	0	1	1.439699
02ml	39	m	30	1	0.043211	2	0	0	2.228996
02ml	39	m	31	1	0.074688	1	1	0	0.985483
02ml	39	m	32	1	0.129094	1	0	1	0.639891
02ml	39	m	33	1	0.107569	2	1	1	0.505277
02ml	39	m	34	1	0.089633	2	1	1	0.446203
02ml	39	m	35	1	0.074688	2	1	1	0.622932
02ml	39	m	36	1	0.062235	2	1	1	0.578141
02ml	39	m	37	1	0.051858	2	1	1	0.693917
02ml	39	m	38	1	0.043211	2	1	1	0.750839
02ml	39	m	39	1	0.036006	1	0	1	1.131839
02ml	39	m	40	1	0.030003	2	0	0	0.968211
02ml	39	m	41	1	0.051858	1	1	0	1.231591
02ml	39	m	42	1	0.089633	2	1	1	0.617385
02ml	39	m	43	1	0.074688	1	0	1	0.584645
02ml	39	m	44	1	0.062235	2	1	1	0.577798
02ml	39	m	45	1	0.051858	2	1	1	0.589070
02ml	39	m	46	1	0.043211	1	0	1	0.504999
02ml	39	m	47	1	0.036006	1	0	1	0.562124
02ml	39	m	48	1	0.030003	2	1	1	0.663234
02ml	39	m	49	1	0.025000	1	0	1	0.600538
02ml	39	m	50	1	0.025000	1	0	1	0.595957
02ml	39	m	51	1	0.025000	1	0	1	0.657830
02ml	39	m	52	1	0.025000	1	1	0	0.676374
02ml	39	m	53	1	0.043211	2	1	1	0.558224
02ml	39	m	54	1	0.036006	1	0	1	0.561177
02ml	39	m	55	1	0.030003	1	1	0	0.506697
02ml	39	m	56	1	0.051858	1	0	1	0.555813
02ml	39	m	57	1	0.043211	1	0	1	0.595091
02ml	39	m	58	1	0.036006	2	1	1	0.592200
02ml	39	m	59	1	0.030003	2	1	1	0.880436
02ml	39	m	60	1	0.025000	2	0	0	0.667390
02ml	39	m	61	1	0.043211	1	0	1	0.585873
02ml	39	m	62	1	0.036006	2	1	1	0.594494
02ml	39	m	63	1	0.030003	1	0	1	0.571110
02ml	39	m	64	1	0.025000	2	0	0	0.594433
02ml	39	m	65	1	0.043211	2	0	0	1.131390
02ml	39	m	66	1	0.074688	1	0	1	0.735007
02ml	39	m	67	1	0.062235	2	1	1	2.252544
02ml	39	m	68	1	0.051858	1	0	1	0.758183
02ml	39	m	69	1	0.043211	1	0	1	0.708187
02ml	39	m	70	1	0.036006	2	1	1	0.745621
02ml	39	m	71	1	0.030003	1	0	1	0.652753
02ml	39	m	72	1	0.025000	2	0	0	0.619113
02ml	39	m	73	1	0.043211	1	0	1	0.649635
02ml	39	m	74	1	0.036006	1	1	0	0.655447
02ml	39	m	75	1	0.062235	2	1	1	0.688189
02ml	39	m	76	1	0.051858	1	0	1	0.605076
02ml	39	m	77	1	0.043211	2	1	1	1.004645
02ml	39	m	78	1	0.036006	2	0	0	0.659923
02ml	39	m	79	1	0.062235	2	1	1	0.608033
02ml	39	m	80	1	0.051858	2	1	1	0.916768
02ml	39	m	81	1	0.043211	2	1	1	0.743486
02ml	39	m	82	1	0.036006	2	1	1	1.008725
02ml	39	m	83	1	0.030003	2	1	1	0.933893
02ml	39	m	84	1	0.025000	2	1	1	0.889194
02ml	39	m	85	1	0.025000	1	1	0	2.020049
02ml	39	m	86	1	0.043211	1	0	1	0.902839
02ml	39	m	87	1	0.036006	1	1	0	2.319881
02ml	39	m	88	1	0.062235	1	0	1	0.646864
02ml	39	m	89	1	0.051858	2	1	1	0.596347
02ml	39	m	90	1	0.043211	2	1	1	0.788249
02ml	39	m	91	1	0.036006	2	0	0	0.950773
02ml	39	m	92	1	0.062235	2	1	1	0.655204
02ml	39	m	93	1	0.051858	1	0	1	0.518419
02ml	39	m	94	1	0.043211	2	1	1	0.730344
02ml	39	m	95	1	0.036006	1	0	1	0.493111
02ml	39	m	96	1	0.030003	1	1	0	0.944234
02ml	39	m	97	1	0.051858	1	1	0	0.611346
02ml	39	m	98	1	0.089633	2	1	1	0.545692
02ml	39	m	99	1	0.074688	2	1	1	0.567108
02ml	39	m	100	1	0.062235	2	1	1	0.519693
02ml	39	m	101	1	0.051858	2	1	1	0.638775
02ml	39	m	102	1	0.043211	2	0	0	0.591702
02ml	39	m	103	1	0.074688	1	1	0	0.419282
02ml	39	m	104	1	0.129094	1	0	1	0.530575
02ml	39	m	105	1	0.107569	1	0	1	0.516353
02ml	39	m	106	1	0.089633	2	1	1	0.438274
02ml	39	m	107	1	0.074688	1	0	1	0.505979
02ml	39	m	108	1	0.062235	1	0	1	0.506279
02ml	39	m	109	1	0.051858	2	1	1	0.465621
02ml	39	m	110	1	0.043211	2	0	0	0.569964
02ml	39	m	111	1	0.074688	1	0	1	0.491218
02ml	39	m	112	1	0.062235	2	1	1	0.937381
02ml	39	m	113	1	0.051858	1	0	1	0.661408
02ml	39	m	114	1	0.043211	1	1	0	0.809434
02ml	39	m	115	1	0.074688	2	1	1	0.715962
02ml	39	m	116	1	0.062235	2	1	1	0.541756
02ml	39	m	117	1	0.051858	2	1	1	0.491072
02ml	39	m	118	1	0.043211	1	0	1	0.446222
02ml	39	m	119	1	0.036006	2	1	1	0.433461
02ml	39	m	120	1	0.030003	2	1	1	0.522349
02ml	39	m	121	1	0.025000	2	1	1	0.485263
02ml	39	m	122	1	0.025000	1	0	1	0.476483
02ml	39	m	123	1	0.025000	1	1	0	0.539786
02ml	39	m	124	1	0.043211	1	0	1	0.605160
02ml	39	m	125	1	0.036006	2	1	1	0.476516
02ml	39	m	126	1	0.030003	1	0	1	0.506774
02ml	39	m	127	1	0.025000	1	0	1	0.835948
02ml	39	m	128	1	0.025000	1	0	1	0.801854
02ml	39	m	129	1	0.025000	1	0	1	0.522563
02ml	39	m	130	1	0.025000	1	1	0	0.387575
02ml	39	m	131	1	0.043211	1	0	1	2.202311
02ml	39	m	132	1	0.036006	1	0	1	0.625395
02ml	39	m	133	1	0.030003	2	1	1	0.820778
02ml	39	m	134	1	0.025000	2	1	1	0.736421
02ml	39	m	135	1	0.025000	2	1	1	0.782345
02ml	39	m	136	1	0.025000	1	0	1	0.883479
02ml	39	m	137	1	0.025000	1	1	0	0.744877
02ml	39	m	138	1	0.043211	1	0	1	0.728556
02ml	39	m	139	1	0.036006	2	1	1	0.723151
02ml	39	m	140	1	0.030003	1	0	1	0.590422
02ml	39	m	141	1	0.025000	1	1	0	0.409004
02ml	39	m	142	1	0.043211	1	1	0	0.792066
02ml	39	m	143	1	0.074688	2	1	1	0.649303
02ml	39	m	144	1	0.062235	2	1	1	0.633321
02ml	39	m	145	1	0.051858	2	1	1	0.622602
02ml	39	m	146	1	0.043211	2	1	1	0.611558
02ml	39	m	147	1	0.036006	2	1	1	0.987898
02ml	39	m	148	1	0.030003	1	0	1	0.761304
02ml	39	m	149	1	0.025000	1	1	0	0.889378
02ml	39	m	150	1	0.043211	1	0	1	0.863870
