id	age	gender	trial	decision	contrast	response	accuracy	RT
rr	55	m	1	1	0.800000	0	1	0.801368
rr	55	m	2	1	0.587894	1	1	0.831625
rr	55	m	3	1	0.432024	1	1	0.581146
rr	55	m	4	1	0.317480	1	1	0.643444
rr	55	m	5	1	0.233306	0	1	0.605346
rr	55	m	6	1	0.171449	1	1	0.624840
rr	55	m	7	1	0.125992	1	1	0.535113
rr	55	m	8	1	0.092587	1	1	0.659675
rr	55	m	9	1	0.068040	0	1	0.588034
rr	55	m	10	1	0.050000	1	1	0.669234
rr	55	m	11	1	0.050000	0	1	0.780468
rr	55	m	12	1	0.050000	1	0	0.639995
rr	55	m	13	1	0.125992	0	1	1.048275
rr	55	m	14	1	0.092587	0	1	2.995144
rr	55	m	15	1	0.068040	1	1	0.750996
rr	55	m	16	1	0.050000	1	1	0.789047
rr	55	m	17	1	0.050000	1	1	0.715574
rr	55	m	18	1	0.050000	1	1	0.684238
rr	55	m	19	1	0.050000	0	1	0.695098
rr	55	m	20	1	0.050000	1	1	0.589580
rr	55	m	21	1	0.050000	1	0	0.859728
rr	55	m	22	1	0.125992	0	1	0.608051
rr	55	m	23	1	0.092587	1	1	0.800657
rr	55	m	24	1	0.068040	0	1	0.640608
rr	55	m	25	1	0.050000	0	0	0.805879
rr	55	m	26	1	0.125992	1	1	0.423573
rr	55	m	27	1	0.092587	0	1	0.551860
rr	55	m	28	1	0.068040	0	1	0.582703
rr	55	m	29	1	0.050000	1	0	0.636784
rr	55	m	30	1	0.125992	1	0	0.553149
rr	55	m	31	1	0.317480	0	0	0.454743
rr	55	m	32	1	0.800000	1	0	0.424253
rr	55	m	33	1	0.800000	0	0	0.755984
rr	55	m	34	1	0.800000	0	0	1.197426
rr	55	m	35	1	0.800000	1	0	0.622211
rr	55	m	36	1	0.800000	1	0	0.541127
rr	55	m	37	1	0.800000	1	0	0.458947
rr	55	m	38	1	0.800000	1	0	0.503774
rr	55	m	39	1	0.800000	1	0	0.452667
rr	55	m	40	1	0.800000	1	0	0.522322
rr	55	m	41	1	0.800000	1	0	0.510196
rr	55	m	42	1	0.800000	1	0	0.478442
rr	55	m	43	1	0.800000	1	1	2.101343
rr	55	m	44	1	0.587894	1	1	0.636468
rr	55	m	45	1	0.432024	1	0	0.527869
rr	55	m	46	1	0.800000	0	0	0.522737
rr	55	m	47	1	0.800000	0	0	0.751852
