id	age	gender	trial	decision	contrast	response	accuracy	RT
vv	33	m	1	1	0.800000	0	1	0.902692
vv	33	m	1	2	0.800000	1	0	0.774476
vv	33	m	2	1	0.587894	1	1	0.607947
vv	33	m	2	2	0.587894	1	1	0.747675
vv	33	m	3	1	0.432024	0	1	0.549735
vv	33	m	3	2	0.432024	1	0	0.709008
vv	33	m	4	1	0.317480	1	1	0.465867
vv	33	m	4	2	0.317480	1	1	0.401005
vv	33	m	5	1	0.233306	1	1	0.498793
vv	33	m	5	2	0.233306	1	1	0.530714
vv	33	m	6	1	0.171449	0	1	0.592344
vv	33	m	6	2	0.171449	1	0	0.554345
vv	33	m	7	1	0.125992	0	1	0.743212
