id	age	gender	trial	decision	contrast	response	accuracy	RT
00ml	39	1	1	1	0.800000	0	1	0.672834
00ml	39	1	2	1	0.587894	0	1	0.539310
00ml	39	1	3	1	0.432024	0	1	0.787739
00ml	39	1	4	1	0.317480	1	1	0.705457
00ml	39	1	5	1	0.233306	0	1	0.890945
00ml	39	1	6	1	0.171449	0	1	0.629158
00ml	39	1	7	1	0.125992	1	1	0.697530
00ml	39	1	8	1	0.092587	0	1	0.859324
00ml	39	1	9	1	0.068040	1	0	1.022734
00ml	39	1	10	1	0.171449	1	1	0.883451
00ml	39	1	11	1	0.125992	0	1	0.749561
00ml	39	1	12	1	0.092587	1	1	0.757105
00ml	39	1	13	1	0.068040	1	1	0.723879
00ml	39	1	14	1	0.050000	0	1	0.836601
00ml	39	1	15	1	0.050000	1	1	0.777110
00ml	39	1	16	1	0.050000	0	1	0.815457
00ml	39	1	17	1	0.050000	1	1	0.747885
00ml	39	1	18	1	0.050000	1	1	3.300408
00ml	39	1	19	1	0.050000	1	1	0.765734
00ml	39	1	20	1	0.050000	1	1	1.059907
00ml	39	1	21	1	0.050000	1	0	71.651442
00ml	39	1	22	1	0.125992	0	1	0.938348
00ml	39	1	23	1	0.092587	1	1	0.754864
00ml	39	1	24	1	0.068040	1	1	2.465628
00ml	39	1	25	1	0.050000	1	1	0.804441
00ml	39	1	26	1	0.050000	1	1	0.841922
00ml	39	1	27	1	0.050000	0	1	0.749938
00ml	39	1	28	1	0.050000	0	1	0.821563
00ml	39	1	29	1	0.050000	0	1	0.834072
00ml	39	1	30	1	0.050000	1	1	0.693785
00ml	39	1	31	1	0.050000	0	1	0.855875
00ml	39	1	32	1	0.050000	1	1	0.739265
00ml	39	1	33	1	0.050000	1	1	0.802990
00ml	39	1	34	1	0.050000	1	1	0.688650
00ml	39	1	35	1	0.050000	1	1	0.986492
00ml	39	1	36	1	0.050000	0	0	0.809004
00ml	39	1	37	1	0.125992	0	1	0.966159
00ml	39	1	38	1	0.092587	0	1	0.900486
00ml	39	1	39	1	0.068040	1	1	0.965891
00ml	39	1	40	1	0.050000	1	1	0.852899
00ml	39	1	41	1	0.050000	0	1	0.832411
00ml	39	1	42	1	0.050000	0	1	0.788187
00ml	39	1	43	1	0.050000	0	0	0.913609
00ml	39	1	44	1	0.125992	1	1	0.883178
00ml	39	1	45	1	0.092587	1	1	0.965094
00ml	39	1	46	1	0.068040	0	1	0.916506
00ml	39	1	47	1	0.050000	1	1	0.765397
00ml	39	1	48	1	0.050000	1	1	0.716455
00ml	39	1	49	1	0.050000	1	1	1.125078
00ml	39	1	50	1	0.050000	0	1	4.317343
00ml	39	1	51	1	0.050000	0	0	0.926313
00ml	39	1	52	1	0.125992	0	1	0.815802
00ml	39	1	53	1	0.092587	1	1	0.843664
00ml	39	1	54	1	0.068040	0	1	0.847660
00ml	39	1	55	1	0.050000	1	1	0.796018
00ml	39	1	56	1	0.050000	1	1	0.977709
00ml	39	1	57	1	0.050000	1	1	0.968973
00ml	39	1	58	1	0.050000	0	1	1.079509
00ml	39	1	59	1	0.050000	1	0	1.266276
00ml	39	1	60	1	0.125992	1	1	0.860599
00ml	39	1	61	1	0.092587	1	1	0.903929
00ml	39	1	62	1	0.068040	0	1	0.784891
00ml	39	1	63	1	0.050000	1	1	0.991074
00ml	39	1	64	1	0.050000	1	1	0.685318
00ml	39	1	65	1	0.050000	1	1	1.367304
00ml	39	1	66	1	0.050000	0	0	0.662283
00ml	39	1	67	1	0.125992	0	1	0.616974
00ml	39	1	68	1	0.092587	0	1	0.637822
00ml	39	1	69	1	0.068040	1	1	0.601511
00ml	39	1	70	1	0.050000	1	1	0.678980
00ml	39	1	71	1	0.050000	1	1	0.873761
00ml	39	1	72	1	0.050000	0	1	0.700789
00ml	39	1	73	1	0.050000	0	1	0.693912
00ml	39	1	74	1	0.050000	0	0	0.951727
00ml	39	1	75	1	0.125992	1	1	0.599288
00ml	39	1	76	1	0.092587	0	1	0.684728
00ml	39	1	77	1	0.068040	0	1	0.734777
00ml	39	1	78	1	0.050000	1	1	0.822564
00ml	39	1	79	1	0.050000	1	1	0.819091
00ml	39	1	80	1	0.050000	0	1	0.663878
00ml	39	1	81	1	0.050000	0	1	0.611421
00ml	39	1	82	1	0.050000	1	1	0.744472
00ml	39	1	83	1	0.050000	1	1	0.736813
00ml	39	1	84	1	0.050000	1	1	0.840615
00ml	39	1	85	1	0.050000	1	1	0.548716
00ml	39	1	86	1	0.050000	0	1	0.692367
00ml	39	1	87	1	0.050000	1	1	0.558717
00ml	39	1	88	1	0.050000	1	1	0.725778
00ml	39	1	89	1	0.050000	1	0	0.782204
00ml	39	1	90	1	0.125992	0	1	0.572390
00ml	39	1	91	1	0.092587	1	1	0.690801
00ml	39	1	92	1	0.068040	0	1	0.629007
00ml	39	1	93	1	0.050000	1	1	0.689801
00ml	39	1	94	1	0.050000	1	1	0.779765
00ml	39	1	95	1	0.050000	1	1	0.914222
00ml	39	1	96	1	0.050000	0	1	0.899544
00ml	39	1	97	1	0.050000	1	1	0.684897
00ml	39	1	98	1	0.050000	0	0	0.887621
00ml	39	1	99	1	0.125992	0	1	0.825619
00ml	39	1	100	1	0.092587	1	1	0.781608
00ml	39	1	101	1	0.068040	1	1	0.684562
00ml	39	1	102	1	0.050000	0	1	0.806732
00ml	39	1	103	1	0.050000	1	1	77.407057
00ml	39	1	104	1	0.050000	1	1	1.048936
00ml	39	1	105	1	0.050000	0	1	0.789505
00ml	39	1	106	1	0.050000	1	1	0.907442
00ml	39	1	107	1	0.050000	0	1	0.939998
00ml	39	1	108	1	0.050000	1	1	0.844156
00ml	39	1	109	1	0.050000	1	0	0.880225
00ml	39	1	110	1	0.125992	1	1	0.650901
00ml	39	1	111	1	0.092587	0	1	0.566188
00ml	39	1	112	1	0.068040	0	1	0.820975
00ml	39	1	113	1	0.050000	0	1	0.713598
00ml	39	1	114	1	0.050000	1	1	0.738939
00ml	39	1	115	1	0.050000	1	1	0.811119
00ml	39	1	116	1	0.050000	0	0	0.960278
00ml	39	1	117	1	0.125992	1	1	0.880976
00ml	39	1	118	1	0.092587	1	1	0.753998
00ml	39	1	119	1	0.068040	0	1	2.169595
00ml	39	1	120	1	0.050000	0	1	0.999977
00ml	39	1	121	1	0.050000	1	1	0.861260
00ml	39	1	122	1	0.050000	1	1	0.944902
00ml	39	1	123	1	0.050000	0	1	0.864830
00ml	39	1	124	1	0.050000	1	1	0.780202
00ml	39	1	125	1	0.050000	1	1	0.722799
00ml	39	1	126	1	0.050000	0	1	0.835372
00ml	39	1	127	1	0.050000	0	0	0.736370
00ml	39	1	128	1	0.125992	0	1	0.711426
00ml	39	1	129	1	0.092587	0	1	0.737236
00ml	39	1	130	1	0.068040	1	1	0.728602
00ml	39	1	131	1	0.050000	1	0	0.969671
00ml	39	1	132	1	0.125992	0	1	0.632087
00ml	39	1	133	1	0.092587	1	1	0.725101
00ml	39	1	134	1	0.068040	0	1	0.717681
00ml	39	1	135	1	0.050000	0	1	0.790590
00ml	39	1	136	1	0.050000	1	1	0.740735
00ml	39	1	137	1	0.050000	0	0	0.731893
00ml	39	1	138	1	0.125992	1	1	0.757133
00ml	39	1	139	1	0.092587	1	1	0.820124
00ml	39	1	140	1	0.068040	0	1	0.769087
00ml	39	1	141	1	0.050000	0	1	0.807514
00ml	39	1	142	1	0.050000	1	1	0.853114
00ml	39	1	143	1	0.050000	1	1	0.848089
00ml	39	1	144	1	0.050000	0	1	0.884394
00ml	39	1	145	1	0.050000	0	1	0.958332
00ml	39	1	146	1	0.050000	1	1	1.645299
00ml	39	1	147	1	0.050000	0	1	1.017761
00ml	39	1	148	1	0.050000	0	0	1.422206
00ml	39	1	149	1	0.125992	1	1	0.938690
00ml	39	1	150	1	0.092587	0	1	1.754771
