id	age	gender	trial	decision	contrast	side	response	accuracy	RT
99xx	99	x	1	1	0.800000	2	1	1	0.825745
99xx	99	x	2	1	0.666610	1	0	1	0.592530
99xx	99	x	3	1	0.555460	1	0	1	0.487889
99xx	99	x	4	1	0.462844	1	0	1	0.421371
99xx	99	x	5	1	0.385670	1	0	1	0.419647
99xx	99	x	6	1	0.321364	2	1	1	0.517907
99xx	99	x	7	1	0.267781	2	1	1	0.401231
99xx	99	x	8	1	0.223132	1	0	1	0.464187
99xx	99	x	9	1	0.185927	2	1	1	0.456494
99xx	99	x	10	1	0.154926	2	1	1	0.461849
99xx	99	x	11	1	0.129094	2	1	1	0.466691
99xx	99	x	12	1	0.107569	1	0	1	0.544450
99xx	99	x	13	1	0.089633	2	1	1	0.500226
99xx	99	x	14	1	0.074688	2	1	1	0.458272
99xx	99	x	15	1	0.062235	1	0	1	0.552855
99xx	99	x	16	1	0.051858	2	1	1	0.541180
99xx	99	x	17	1	0.043211	1	0	1	0.552317
99xx	99	x	18	1	0.036006	1	1	0	0.537818
99xx	99	x	19	1	0.062235	1	0	1	0.549743
99xx	99	x	20	1	0.051858	2	0	0	0.542572
99xx	99	x	21	1	0.089633	1	0	1	0.635090
99xx	99	x	22	1	0.074688	2	1	1	0.466404
99xx	99	x	23	1	0.062235	2	0	0	0.551692
99xx	99	x	24	1	0.107569	1	0	1	0.568433
99xx	99	x	25	1	0.089633	1	0	1	0.609540
99xx	99	x	26	1	0.074688	2	0	0	0.552154
99xx	99	x	27	1	0.129094	1	1	0	0.586744
99xx	99	x	28	1	0.223132	1	0	1	0.452008
99xx	99	x	29	1	0.185927	2	1	1	0.521999
99xx	99	x	30	1	0.154926	1	0	1	0.508254
99xx	99	x	31	1	0.129094	2	1	1	0.538404
99xx	99	x	32	1	0.107569	1	0	1	0.603835
99xx	99	x	33	1	0.089633	2	1	1	0.507067
99xx	99	x	34	1	0.074688	1	1	0	1.438327
99xx	99	x	35	1	0.129094	1	0	1	0.502321
99xx	99	x	36	1	0.107569	1	0	1	0.569545
99xx	99	x	37	1	0.089633	1	0	1	0.509054
99xx	99	x	38	1	0.074688	2	1	1	0.481327
99xx	99	x	39	1	0.062235	1	0	1	1.623496
99xx	99	x	40	1	0.051858	2	1	1	0.582784
99xx	99	x	41	1	0.043211	1	0	1	0.625817
99xx	99	x	42	1	0.036006	1	0	1	0.595582
99xx	99	x	43	1	0.030003	2	1	1	2.363523
99xx	99	x	44	1	0.025000	2	1	1	0.639483
99xx	99	x	45	1	0.025000	1	0	1	0.687109
99xx	99	x	46	1	0.025000	2	0	0	0.484089
99xx	99	x	47	1	0.043211	1	1	0	0.586916
99xx	99	x	48	1	0.074688	2	1	1	0.698916
99xx	99	x	49	1	0.062235	2	1	1	0.568953
99xx	99	x	50	1	0.051858	1	0	1	0.547010
99xx	99	x	51	1	0.043211	2	0	0	1.070537
99xx	99	x	52	1	0.074688	1	0	1	0.587566
99xx	99	x	53	1	0.062235	1	0	1	0.636903
99xx	99	x	54	1	0.051858	2	0	0	0.724218
99xx	99	x	55	1	0.089633	2	1	1	0.465335
99xx	99	x	56	1	0.074688	1	0	1	0.592234
99xx	99	x	57	1	0.062235	2	1	1	2.458142
99xx	99	x	58	1	0.051858	2	1	1	0.743493
99xx	99	x	59	1	0.043211	2	0	0	0.538750
99xx	99	x	60	1	0.074688	1	0	1	0.549483
99xx	99	x	61	1	0.062235	2	0	0	1.135805
99xx	99	x	62	1	0.107569	1	1	0	1.137649
99xx	99	x	63	1	0.185927	2	1	1	0.434470
99xx	99	x	64	1	0.154926	2	1	1	0.457922
99xx	99	x	65	1	0.129094	2	1	1	0.498432
99xx	99	x	66	1	0.107569	1	0	1	0.409065
99xx	99	x	67	1	0.089633	1	0	1	0.504975
99xx	99	x	68	1	0.074688	1	1	0	0.487196
99xx	99	x	69	1	0.129094	2	1	1	0.396153
99xx	99	x	70	1	0.107569	1	0	1	0.486473
99xx	99	x	71	1	0.089633	2	1	1	0.524520
99xx	99	x	72	1	0.074688	1	0	1	0.519183
99xx	99	x	73	1	0.062235	2	1	1	0.578229
99xx	99	x	74	1	0.051858	1	0	1	0.533836
99xx	99	x	75	1	0.043211	2	0	0	0.582979
99xx	99	x	76	1	0.074688	2	1	1	0.471656
99xx	99	x	77	1	0.062235	1	0	1	0.579689
99xx	99	x	78	1	0.051858	2	1	1	0.556985
99xx	99	x	79	1	0.043211	2	0	0	0.557893
99xx	99	x	80	1	0.074688	2	1	1	0.574866
99xx	99	x	81	1	0.062235	2	1	1	0.449919
99xx	99	x	82	1	0.051858	2	0	0	0.502026
99xx	99	x	83	1	0.089633	1	0	1	0.538112
99xx	99	x	84	1	0.074688	1	0	1	0.572757
99xx	99	x	85	1	0.062235	1	0	1	0.502782
99xx	99	x	86	1	0.051858	1	0	1	0.593754
99xx	99	x	87	1	0.043211	2	0	0	0.643693
99xx	99	x	88	1	0.074688	2	1	1	0.529233
99xx	99	x	89	1	0.062235	2	1	1	0.499359
99xx	99	x	90	1	0.051858	2	1	1	0.913599
99xx	99	x	91	1	0.043211	2	0	0	3.189387
99xx	99	x	92	1	0.074688	2	1	1	0.445448
99xx	99	x	93	1	0.062235	2	1	1	0.549731
99xx	99	x	94	1	0.051858	1	1	0	1.135041
99xx	99	x	95	1	0.089633	1	0	1	0.578246
99xx	99	x	96	1	0.074688	2	0	0	1.171622
99xx	99	x	97	1	0.129094	2	1	1	0.518782
99xx	99	x	98	1	0.107569	2	1	1	0.458689
99xx	99	x	99	1	0.089633	2	1	1	0.553318
99xx	99	x	100	1	0.074688	1	0	1	0.485405
99xx	99	x	101	1	0.062235	2	1	1	0.552118
99xx	99	x	102	1	0.051858	2	1	1	0.539791
99xx	99	x	103	1	0.043211	2	0	0	0.526614
99xx	99	x	104	1	0.074688	1	0	1	1.347650
99xx	99	x	105	1	0.062235	1	0	1	0.520191
99xx	99	x	106	1	0.051858	2	1	1	0.571557
99xx	99	x	107	1	0.043211	1	0	1	0.508220
99xx	99	x	108	1	0.036006	1	0	1	0.713533
99xx	99	x	109	1	0.030003	1	0	1	0.676774
99xx	99	x	110	1	0.025000	2	1	1	0.491441
99xx	99	x	111	1	0.025000	1	0	1	0.464272
99xx	99	x	112	1	0.025000	2	1	1	0.525473
99xx	99	x	113	1	0.025000	1	0	1	0.456929
99xx	99	x	114	1	0.025000	1	0	1	0.477459
99xx	99	x	115	1	0.025000	2	0	0	0.522403
99xx	99	x	116	1	0.043211	1	1	0	0.430897
99xx	99	x	117	1	0.074688	1	0	1	0.493464
99xx	99	x	118	1	0.062235	1	0	1	0.491277
99xx	99	x	119	1	0.051858	2	0	0	0.512425
99xx	99	x	120	1	0.089633	2	1	1	0.468073
99xx	99	x	121	1	0.074688	2	1	1	0.576745
99xx	99	x	122	1	0.062235	2	1	1	0.539549
99xx	99	x	123	1	0.051858	2	0	0	0.543949
99xx	99	x	124	1	0.089633	2	1	1	0.508158
99xx	99	x	125	1	0.074688	2	1	1	0.433064
99xx	99	x	126	1	0.062235	1	1	0	0.569515
99xx	99	x	127	1	0.107569	1	1	0	0.553296
99xx	99	x	128	1	0.185927	2	1	1	0.572663
99xx	99	x	129	1	0.154926	1	0	1	0.548839
99xx	99	x	130	1	0.129094	1	0	1	0.413454
99xx	99	x	131	1	0.107569	2	1	1	0.484240
99xx	99	x	132	1	0.089633	2	1	1	0.602352
99xx	99	x	133	1	0.074688	2	1	1	0.570415
99xx	99	x	134	1	0.062235	2	1	1	0.740948
99xx	99	x	135	1	0.051858	2	1	1	1.825012
99xx	99	x	136	1	0.043211	2	1	1	0.568894
99xx	99	x	137	1	0.036006	1	0	1	0.562745
99xx	99	x	138	1	0.030003	1	0	1	1.742036
99xx	99	x	139	1	0.025000	2	1	1	0.529085
99xx	99	x	140	1	0.025000	1	1	0	2.140916
99xx	99	x	141	1	0.043211	2	1	1	0.600801
99xx	99	x	142	1	0.036006	2	0	0	1.344396
99xx	99	x	143	1	0.062235	1	0	1	1.722950
99xx	99	x	144	1	0.051858	2	1	1	0.621952
99xx	99	x	145	1	0.043211	1	1	0	0.639318
99xx	99	x	146	1	0.074688	1	0	1	0.549294
99xx	99	x	147	1	0.062235	1	0	1	1.306163
99xx	99	x	148	1	0.051858	2	1	1	0.567003
99xx	99	x	149	1	0.043211	1	0	1	1.402261
99xx	99	x	150	1	0.036006	1	0	1	1.555132
